{
    "-2147275786": "LinearTransform ((-0.9994009,0,0.03460947),(0,1,0),(-0.03460947,0,-0.9994009),(88.59482,119.7138,3.013368))", 
    "-2142279255": "Boolean True", 
    "-2142279254": "Boolean True", 
    "-2141104431": "LinearTransform ((0.8813208,4.57747E-08,-0.4725187),(-0.1030077,0.9759493,-0.1921253),(0.4611543,0.217997,0.8601245),(-316.0214,-480.2723,1095.357))", 
    "-2139418272": "LinearTransform ((-4.37114E-08,-2.386053E-16,-0.9999998),(-3.163692E-22,1,-9.102643E-16),(0.9999998,6.297171E-22,-4.37114E-08),(-36.82966,-359.4972,-34.88219))", 
    "-2138536143": "LinearTransform ((0.6701431,0.00181282,0.7422284),(-0.003176892,0.9999948,0.0004259647),(-0.7422234,-0.002643443,0.6701452),(-202.4243,72.43327,180.4829))", 
    "-2137531977": "LinearTransform ((-0.3793791,0.06506548,-0.9229506),(0.009419373,0.9977441,0.0664664),(0.9251934,0.01652235,-0.3791361),(-253.1126,-6.273911,80.03477))", 
    "-2137459400": "LinearTransform ((1,0,-1.748456E-07),(0,1,0),(1.748456E-07,0,1),(-437.3512,252.427,302.2412))", 
    "-2137456270": "LinearTransform ((1,0,0),(0,1,0),(0,0,1),(0,0,-6.075287))", 
    "-2137328874": "LinearTransform ((-0.9302747,6.822707E-10,0.3668637),(1.970073E-10,1,1.602403E-10),(-0.3668637,-3.560008E-10,-0.9302747),(2.519995,4.471297E-06,7.130004))", 
    "-2136066708": "LinearTransform ((-0.9999999,0,-5.787442E-10),(0,1,0),(5.787442E-10,0,-0.9999999),(0.06492146,0.3278809,1.484117))", 
    "-2133538561": "LinearTransform ((0.05067471,0,0.9987153),(0,1,0),(-0.9987153,0,0.05067471),(219.283,-1660.584,-52.09591))", 
    "-2132289043": "Float32 -1", 
    "-2130026869": "LinearTransform ((0.4010509,1.887532E-09,-0.9160556),(-0.4578008,0.8661684,-0.2004261),(0.7934585,0.4997521,0.3473777),(33.16143,27.5375,14.0792))", 
    "-2126663974": "LinearTransform ((0.9996314,-3.049874E-10,0.02715399),(0.01818995,0.7424682,-0.6696343),(-0.02016097,0.6698813,0.7421945),(-4.760804,41.91297,46.1553))", 
    "-2125802093": "LinearTransform ((-4.37114E-08,0,-1),(0,1,0),(1,0,-4.37114E-08),(-36.82964,0,-7.000035))", 
    "-2124521730": "LinearTransform ((1,7.593243E-25,1.646194E-09),(6.246104E-25,1,5.307568E-24),(-1.646194E-09,6.632385E-25,1),(-2.653491,-0.05886841,4.100895))", 
    "-2124179979": "LinearTransform ((-0.4540621,0,-0.89097),(0,1,0),(0.89097,0,-0.4540621),(337.6526,26.91881,-292.1457))", 
    "-2123256797": "LinearTransform ((1,0,0),(0,1,0),(0,0,1),(-8.364319,116.5819,6.176895))", 
    "-2122274446": "LinearTransform ((-4.466862E-08,-1.953461E-08,1),(9.342075E-15,1,1.95346E-08),(-1,1.02659E-14,-4.466862E-08),(529.7188,-828.6409,-711.03))", 
    "-2119083836": "LinearTransform ((-4.466862E-08,-1.953461E-08,1),(9.342075E-15,1,1.95346E-08),(-1,1.031495E-14,-4.466862E-08),(220.3473,-843.6758,-543.3715))", 
    "-2118047073": "CString \"ID_H_XP5_LEVEL_002_BASE7\"", 
    "-2116551461": "LinearTransform ((1,0,-1.748456E-07),(0,1,0),(1.748456E-07,0,1),(-33.8293,-9.355373,-25.24293))", 
    "-2109438603": "LinearTransform ((-4.371138E-08,-1.953461E-08,1),(9.314719E-15,1,1.953459E-08),(-1,1.01686E-14,-4.371138E-08),(543.0993,-5.472404,202.9194))", 
    "-2107702058": "LinearTransform ((-0.7054118,-1.397726E-10,-0.7087979),(-0.267412,0.9261006,0.2661345),(0.6564183,0.3772756,-0.6532825),(9.053956,5.228241,-9.956616))", 
    "-2107506943": "LinearTransform ((1,0,0),(0,1,0),(0,0,1),(0.9536953,-4.681465,4.262539))", 
    "-2106957673": "LinearTransform ((-0.7077888,-1.994095E-08,0.7064242),(0.2952908,0.9084435,0.2958612),(-0.6417465,0.4180079,-0.6429861),(465.8768,428.5254,406.972))", 
    "-2106611194": "LinearTransform ((1,0,3.131095E-09),(0,1,0),(-3.131095E-09,0,1),(13.35193,-300.3223,4.647032))", 
    "-2099233485": "LinearTransform ((-0.9498721,0,0.3126385),(0,1,0),(-0.3126385,0,-0.9498721),(2.519993,0,0.0599698))", 
    "-2095530483": "LinearTransform ((-0.9995057,-3.146634E-10,-0.03143594),(-0.01231454,0.9200784,0.3915407),(0.02892352,0.3917342,-0.9196234),(12.34967,23.34188,-39.2398))", 
    "-2094095196": "LinearTransform ((0.1262937,0,-0.9919933),(0,1,0),(0.9919933,0,0.1262937),(-2.882066,-56.76144,27.19571))", 
    "-2093900020": "LinearTransform ((0.9203537,8.886808E-08,-0.3910873),(-0.1422312,0.9315228,-0.3347156),(0.3643065,0.3636816,0.85733),(23.72706,11.39396,39.72074))", 
    "-2092064149": "Float32 2.5", 
    "-2091500563": "LinearTransform ((-4.371139E-08,0,-1),(0,1,0),(1,0,-4.371139E-08),(-282.6332,149.9055,-816.3184))", 
    "-2088570667": "LinearTransform ((1,0,0),(0,1,0),(0,0,1),(0.007153828,0,5.823336))", 
    "-2088466355": "LinearTransform ((-0.1120255,0,0.9937053),(0,1,0),(-0.9937053,0,-0.1120255),(2.519985,0,7.129981))", 
    "-2087055370": "LinearTransform ((0.6657581,-2.731581E-08,-0.7461677),(-0.2327904,0.9500882,-0.2077042),(0.7089251,0.3119814,0.6325289),(391.1134,-550.4192,-106.24))", 
    "-2085956875": "LinearTransform ((-0.9910192,-0.006643587,0.133555),(0.0006220682,0.9985251,0.05428702),(-0.1337188,0.05388258,-0.9895532),(0.3395977,8.955563,-33.49142))", 
    "-2085545481": "LinearTransform ((-4.37114E-08,-1.953461E-08,1),(9.314714E-15,1,1.953461E-08),(-1,1.01686E-14,-4.37114E-08),(-100.6853,-144.0453,163.6816))", 
    "-2085421267": "LinearTransform ((1,0,-1.748456E-07),(0,1,0),(1.748456E-07,0,1),(-351.4748,81.7595,96.27462))", 
    "-2083735347": "LinearTransform ((-0.9999944,-0.001916152,-0.002744442),(-0.00191626,0.9999982,3.688191E-05),(0.002744366,4.214852E-05,-0.9999962),(2.519998,7.794313E-08,7.13))", 
    "-2081650323": "LinearTransform ((-0.5526597,0,-0.8334069),(0,1,0),(0.8334069,0,-0.5526597),(-248.7155,248.2698,423.0911))", 
    "-2079374877": "LinearTransform ((-0.7071067,0,-0.7071068),(0,1,0),(0.7071068,0,-0.7071067),(-2.032648E-05,0,2.096661E-05))", 
    "-2079263254": "LinearTransform ((-0.9237271,-2.989651E-09,-0.3830515),(-0.1657367,0.90155,0.3996733),(0.3453402,0.4326748,-0.8327864),(14.55292,21.11561,-35.74766))", 
    "-2076565797": "LinearTransform ((-1,0,-8.742279E-08),(0,1,0),(8.742279E-08,0,-1),(13.34772,13.28278,4.647175))", 
    "-2076243424": "LinearTransform ((-4.37114E-08,-1.953461E-08,-1),(-1.102248E-14,1,-1.953461E-08),(1,1.01686E-14,-4.37114E-08),(-18.0323,10.04333,1.484831))", 
    "-2075619859": "LinearTransform ((-0.6264069,0,-0.7794963),(0,1,0),(0.7794963,0,-0.6264069),(197.8423,-219.7358,294.7285))", 
    "-2074058710": "LinearTransform ((0.4815807,0,0.876403),(0,1,0),(-0.876403,0,0.4815807),(43.92189,-327.6888,-37.29839))", 
    "-2073563983": "TeamId Team2", 
    "-2072204608": "LinearTransform ((0.7075219,-0.01434397,-0.7065449),(-0.2366977,0.9372357,-0.2560523),(0.6658723,0.3484007,0.6597201),(52.61784,29.32047,31.57739))", 
    "-2072029496": "LinearTransform ((-0.04210444,0,0.9991133),(0,1,0),(-0.9991133,0,-0.04210444),(31.06033,-131.0883,70.96992))", 
    "-2071272655": "LinearTransform ((0.9431734,-2.585206E-09,-0.3323011),(-0.1509942,0.890803,-0.4285683),(0.2960148,0.4543898,0.8401816),(17.58924,34.11191,59.47322))", 
    "-2070188900": "LinearTransform ((0.2220628,0,0.9750324),(0,1,0),(-0.9750324,0,0.2220628),(129.1787,-106.2004,-289.0856))", 
    "-2068928848": "LinearTransform ((0.9999577,0,0.009191264),(0,0.9999999,0),(-0.009191264,0,0.9999577),(63.15345,4.780457,-9.008505))", 
    "-2068893233": "LinearTransform ((-0.9068145,0,-0.4215287),(0,1,0),(0.4215287,0,-0.9068145),(2.484082,0.286499,-2.283614))", 
    "-2067948734": "LinearTransform ((1,0,0),(0,1,0),(0,0,1),(0.006833585,0,-6.808366))", 
    "-2067047975": "LinearTransform ((0.9917358,0,0.1282984),(0,1,0),(-0.1282984,0,0.9917358),(2.520048,0,0.05994858))", 
    "-2064037847": "LinearTransform ((0.7781845,-2.244861E-08,-0.6280358),(-0.1048552,0.9859641,-0.1299236),(0.6192208,0.1669573,0.7672619),(36.17513,10.97417,33.27027))", 
    "-2063756398": "LinearTransform ((-0.2256794,0,0.9742016),(0,1,0),(-0.9742016,0,-0.2256794),(-186.7202,149.6071,-736.1542))", 
    "-2059196656": "LinearTransform ((1,0,-1.748456E-07),(0,1,0),(1.748456E-07,0,1),(29.91061,83.41699,20.35558))", 
    "-2058322555": "LinearTransform ((1,0,0),(0,1,0),(0,0,1),(-565.3619,-202.1041,737.1455))", 
    "-2055472567": "LinearTransform ((0.6584167,0.01420877,-0.7525192),(-0.2562347,0.9443297,-0.2063621),(0.7076941,0.3286939,0.6254033),(93.01372,105.0409,-1.484982))", 
    "-2054686507": "Float32 5", 
    "-2053684780": "LinearTransform ((-4.371139E-08,1.566308E-39,1),(9.710998E-43,1,6.4297E-39),(-1,-8.620554E-39,-4.371139E-08),(5.107768,4.708899,-6.031283))", 
    "-2049568041": "LinearTransform ((1,0,-1.748456E-07),(0,1,0),(1.748456E-07,0,1),(-7.678905,-18.63897,-47.51669))", 
    "-2048788065": "LinearTransform ((-0.04213323,-4.11419E-09,0.999112),(0.223916,0.9745626,0.009442681),(-0.9736971,0.2241152,-0.04106143),(-29.47888,10.79032,7.716766))", 
    "-2048093453": "LinearTransform ((-0.9999968,0.002560569,-2.210883E-08),(0.00256057,0.9999967,-1.768593E-09),(-1.118561E-08,-4.535048E-10,-1),(0.004139902,3.04031,0.4429964))", 
    "-2046102208": "LinearTransform ((1.311342E-07,1.953462E-08,1),(1.95346E-08,1,-1.953462E-08),(-1,1.953461E-08,1.311342E-07),(-58.99696,-85.01776,13.30153))", 
    "-2044979144": "LinearTransform ((-4.37114E-08,-1.953461E-08,-1),(-1.102248E-14,1,-1.953461E-08),(1,1.01686E-14,-4.37114E-08),(152.0526,-389.3151,-968.3239))", 
    "-2044607356": "LinearTransform ((-4.37114E-08,-1.953461E-08,1),(9.314714E-15,1,1.953461E-08),(-1,1.01686E-14,-4.37114E-08),(-193.5912,3.417442,-614.6125))", 
    "-2043866721": "LinearTransform ((-0.9633437,-3.606851E-23,-0.2682703),(-3.432806E-23,1,-7.778884E-24),(0.2682703,3.124721E-23,-0.9633437),(0.03999313,0,7.130027))", 
    "-2040554423": "LinearTransform ((0.8059482,-4.286337E-09,-0.5919857),(-0.1269524,0.9767343,-0.1728373),(0.5782127,0.2144517,0.7871978),(19.04987,8.021149,31.40048))", 
    "-2039554307": "LinearTransform ((0.9510481,-1.228731E-08,-0.3090427),(-0.04109928,0.9911174,-0.1264789),(0.3062976,0.1329891,0.9426002),(20.56242,16.06532,44.91968))", 
    "-2039533561": "LinearTransform ((-0.9370412,-1.999774E-08,0.3492186),(0.08151792,0.9723737,0.2187331),(-0.339571,0.2334295,-0.9111542),(82.37016,-539.668,82.62542))", 
    "-2037201499": "LinearTransform ((0.9451986,-3.409877E-08,-0.3264954),(-0.08320802,0.9669797,-0.2408863),(0.3157143,0.2548523,0.9139884),(30.56195,12.59441,41.82947))", 
    "-2035055157": "LinearTransform ((0.6754644,5.84824E-09,0.7373925),(0.1782346,0.9703487,-0.163266),(-0.7155279,0.2417092,0.6554359),(-72.1394,22.33441,40.44629))", 
    "-2034864225": "LinearTransform ((-0.9548709,-0.0921803,-0.2823552),(-0.07185788,0.9940776,-0.08152641),(0.2881982,-0.05755765,-0.9558396),(14.85253,5.474747,-9.298601))", 
    "-2032013557": "LinearTransform ((-0.5346234,-0.006439592,0.845066),(-0.05933638,0.997788,-0.02993521),(-0.8430045,-0.06614718,-0.5338233),(-11.6156,1.65963,-3.174217))", 
    "-2029881712": "LinearTransform ((-0.9393563,0,0.3429426),(0,1,0),(-0.3429426,0,-0.9393563),(20.56143,1.461876,2.536627))", 
    "-2029438994": "LinearTransform ((-4.37114E-08,-1.953461E-08,1),(9.314714E-15,1,1.953461E-08),(-1,1.01686E-14,-4.37114E-08),(-408.5858,-321.0006,-40.14719))", 
    "-2028039524": "CString \"ID_H_MAP_MP_US_DEPLOYMENT\"", 
    "-2025605168": "LinearTransform ((-0.6077299,0.03798312,0.7932349),(0.06237825,0.9980526,-2.716764E-08),(-0.7916901,0.04948059,-0.6089157),(-7.194782,1.464645,-4.786896))", 
    "-2024994377": "LinearTransform ((1.320655E-07,0,1),(0,1,0),(-1,0,1.320655E-07),(-452.8131,-110.8175,54.98099))", 
    "-2024946964": "LinearTransform ((1,0,-4.424039E-11),(0,1,0),(4.424039E-11,0,1),(0.00714577,0,-0.5973737))", 
    "-2024670679": "Int32 1", 
    "-2024670677": "Int32 1", 
    "-2024647575": "LinearTransform ((1,0,0),(0,1,0),(0,0,1),(-0.7650621,-0.1344386,-3.576952))", 
    "-2023872432": "LinearTransform ((1,8.074714E-10,1.18113E-08),(-4.825235E-10,1,2.109578E-09),(-7.971246E-09,2.265179E-09,1),(1.783178,-2.178538,8.535778))", 
    "-2022456225": "Boolean True", 
    "-2022437747": "LinearTransform ((0.01655122,-1.840248E-07,0.999863),(0.2811113,0.9596638,-0.004653221),(-0.9595323,0.2811499,0.01588357),(-78.59357,31.75809,2.838806))", 
    "-2022084739": "LinearTransform ((0.6304702,2.496075E-09,0.7762136),(0.3676735,0.8806994,-0.2986383),(-0.6836108,0.4736756,0.5552547),(-40.6114,29.55302,31.96031))", 
    "-2019885878": "LinearTransform ((-4.37114E-08,-1.953461E-08,1),(9.314714E-15,1,1.953461E-08),(-1,1.01686E-14,-4.37114E-08),(62.35305,-398.9012,32.1972))", 
    "-2019536216": "LinearTransform ((-0.1131434,0,-0.9935787),(0,1,0),(0.9935787,0,-0.1131434),(538.665,-851.3534,-676.0291))", 
    "-2019034889": "Float32 15", 
    "-2019020539": "Float32 5", 
    "-2019018069": "Float32 30", 
    "-2016571603": "CString \"ID_H_XP3_DESERT_D\"", 
    "-2007643382": "LinearTransform ((1,6.78673E-10,2.233942E-08),(4.406098E-11,1,-4.390052E-10),(-8.565446E-09,1.503088E-10,1),(0.007175973,-3.30114E-05,-6.851163))", 
    "-2006894917": "CString \"ID_H_OBJ_UI_RUSH_ATTACKER_DEPLOYMENT\"", 
    "-2006708558": "LinearTransform ((0.07061301,-6.575497E-09,0.9975039),(0.3461725,0.9378508,-0.02450548),(-0.9355098,0.3470388,0.06622446),(-54.35064,30.12317,2.084824))", 
    "-2004295681": "LinearTransform ((-0.1308835,1.466931E-08,-0.9913979),(-0.5198326,0.8515071,0.06862785),(0.8441822,0.524343,-0.1114482),(195.7723,50.61688,-18.90721))", 
    "-2003437211": "LinearTransform ((-4.37114E-08,-1.953461E-08,1),(9.314714E-15,1,1.953461E-08),(-1,1.01686E-14,-4.37114E-08),(-41.23265,16.38562,4.899591))", 
    "-2003245528": "LinearTransform ((-0.9682696,-9.192894E-09,0.2499077),(0.03116412,0.9921941,0.1207457),(-0.247957,0.1247025,-0.9607114),(-10.41113,9.451164,-61.32064))", 
    "-2000040971": "CString \"ID_H_XP3_ALBORZ_C2\"", 
    "-2000040899": "CString \"ID_H_WAKE_HQ\"", 
    "-1999514541": "LinearTransform ((-4.371139E-08,0,1),(0,1,0),(-1,0,-4.371139E-08),(11.91278,-108.4826,-58.54984))", 
    "-1996938510": "LinearTransform ((-0.6157844,-1.643416E-08,0.7879145),(0.1592717,0.9793558,0.1244768),(-0.7716489,0.2021434,-0.603072),(-27.62331,12.31544,-18.27916))", 
    "-1994341285": "LinearTransform ((0.9995654,0,0.02947709),(0,1,0),(-0.02947709,0,0.9995654),(3.043997,0,-6.614781))", 
    "-1993118470": "LinearTransform ((1,7.152557E-07,3.914664E-09),(-7.152558E-07,1,7.096104E-07),(-3.914664E-09,-7.096101E-07,1),(-0.0114234,2.507317,-1.474472E-05))", 
    "-1992418040": "LinearTransform ((-0.9999999,0,1.095295E-07),(0,1,0),(-1.095295E-07,0,-0.9999999),(-0.006516802,-0.0001068115,-0.83876))", 
    "-1992225215": "CString \"_DEFENDER\"", 
    "-1991462214": "LinearTransform ((-0.6501877,1.950636E-12,-0.7597736),(1.195564E-19,1,2.567392E-12),(0.7597735,1.669286E-12,-0.6501876),(-214.5271,221.4812,155.4427))", 
    "-1988576132": "LinearTransform ((-0.5114051,-1.265101E-07,0.8593398),(0.442512,0.8572236,0.2633452),(-0.7366463,0.5149443,-0.4383884),(-40.52527,40.80908,-22.90039))", 
    "-1988506464": "LinearTransform ((-4.371139E-08,-1.953461E-08,1),(9.314714E-15,1,1.953461E-08),(-1,1.01686E-14,-4.371139E-08),(-211.925,9.772568,-792.485))", 
    "-1987401923": "LinearTransform ((-4.37114E-08,-1.953461E-08,-0.9999998),(-1.102248E-14,1,-1.953461E-08),(0.9999998,1.01686E-14,-4.37114E-08),(-18.03233,-349.4538,-40.39732))", 
    "-1986140887": "LinearTransform ((1,0,-1.748456E-07),(0,1,0),(1.748456E-07,0,1),(-686.3918,214.6283,-1902.865))", 
    "-1985723139": "LinearTransform ((-1,0,1.056057E-07),(0,1,0),(-1.056057E-07,0,-1),(-0.006506251,0,0.657487))", 
    "-1984435896": "CString \"_LAV25_1\"", 
    "-1984435893": "CString \"_LAV25_2\"", 
    "-1984435891": "CString \"_LAV25_4\"", 
    "-1984435890": "CString \"_LAV25_7\"", 
    "-1980280949": "LinearTransform ((-4.37114E-08,-1.953461E-08,1),(9.314714E-15,1,1.953461E-08),(-1,1.01686E-14,-4.37114E-08),(-313.3423,13.03584,-329.6317))", 
    "-1979773585": "LinearTransform ((0.4789339,9.395591E-09,0.8778509),(0.5172959,0.8079323,-0.282224),(-0.7092441,0.5892753,0.3869461),(-49.10225,33.22692,26.66369))", 
    "-1979302232": "LinearTransform ((-1,1.096655E-14,-8.742278E-08),(-3.068582E-08,0.9363735,0.351005),(8.186038E-08,0.351005,-0.9363735),(137.0797,-1143.433,68.25858))", 
    "-1977139106": "LinearTransform ((1,1.510802E-09,8.83833E-11),(3.016444E-09,1,-3.928989E-09),(-6.280122E-09,4.748432E-09,1),(3.793813,-0.3051326,7.960884))", 
    "-1975911883": "LinearTransform ((0.3540132,-1.613661E-07,-0.9352405),(-0.4815967,0.8572236,-0.1822972),(0.8017102,0.5149443,0.3034684),(59.77544,40.80908,22.30181))", 
    "-1975617389": "LinearTransform ((1,0,-1.709326E-07),(0,1,0),(1.709326E-07,0,1),(55.58812,-7.134945,-77.77984))", 
    "-1974506814": "LinearTransform ((-0.9780242,0.03591612,0.2053742),(0.06890811,0.985378,0.1558271),(-0.1967745,0.1665547,-0.9661984),(-7.051267,8.613014,-24.58299))", 
    "-1973684379": "LinearTransform ((0.9987682,0,0.04961883),(0,1,0),(-0.04961883,0,0.9987682),(71.24272,77.06475,-124.0105))", 
    "-1973573868": "LinearTransform ((-0.7101702,-3.414777E-08,-0.7040299),(-0.1423151,0.9793558,0.1435562),(0.6894957,0.2021433,-0.6955094),(25.83776,13.069,-51.11732))", 
    "-1973360067": "LinearTransform ((1.311342E-07,0,1),(0,1,0),(-1,0,1.311342E-07),(-1079.222,-46.4032,-678.7231))", 
    "-1973030075": "LinearTransform ((-1,0,8.742278E-08),(0,1,0),(-8.742278E-08,0,-1),(93.45832,13.03291,-113.7799))", 
    "-1972327521": "LinearTransform ((0.6732352,0,-0.7394278),(0,1,0),(0.7394278,0,0.6732352),(-735.7186,-2.906281,122.3461))", 
    "-1970970193": "LinearTransform ((0.995155,-6.260791E-09,-0.09831813),(-0.02534147,0.9662116,-0.2565011),(0.09499618,0.2577499,0.9615305),(17.23101,12.39135,5.516392))", 
    "-1968385595": "LinearTransform ((-0.4225256,-1.844944E-08,0.906351),(0.1803153,0.9800103,0.08405995),(-0.8882329,0.1989463,-0.4140791),(-180.0923,-266.7815,1.250297))", 
    "-1967996837": "LinearTransform ((1,0,-1.748456E-07),(0,1,0),(1.748456E-07,0,1),(-163.9868,69.69205,165.7952))", 
    "-1966955585": "LinearTransform ((0.05798275,0,0.9983176),(0,1,0),(-0.9983176,0,0.05798275),(2.520012,-7.629395E-06,0.05995916))", 
    "-1966280509": "LinearTransform ((-0.9999999,-1.360865E-08,8.17328E-08),(-4.884722E-09,0.9943871,0.1058027),(-8.271393E-08,0.1058027,-0.9943871),(2.171445,4.654039,-0.8246803))", 
    "-1964311809": "LinearTransform ((0.4042788,-1.923409E-08,-0.9146358),(-0.1958101,0.976815,-0.08655012),(0.8934294,0.2140853,0.3949052),(54.9871,15.47116,17.19746))", 
    "-1962111713": "LinearTransform ((-0.7807398,-4.606416E-08,0.6248562),(0.08573177,0.9905429,0.1071194),(-0.6189467,0.1372025,-0.773356),(-1119.016,242.8114,-181.2423))", 
    "-1960374971": "LinearTransform ((-1,0,8.742278E-08),(0,1,0),(-8.742278E-08,0,-1),(-0.006515503,0,0.3866272))", 
    "-1958489403": "LinearTransform ((-1,0,9.005383E-08),(0,1,0),(-9.005383E-08,0,-1),(-0.005907036,0,4.482122))", 
    "-1956757304": "LinearTransform ((0.8973874,-3.986984E-09,-0.4412432),(-0.1527811,0.9381417,-0.3107217),(0.4139487,0.3462515,0.8418769),(1.245032,22.48889,67.94784))", 
    "-1956009809": "LinearTransform ((1,0,0),(0,1,0),(0,0,1),(-213.6754,129.5818,-146.2068))", 
    "-1955033966": "LinearTransform ((1,0,-1.748456E-07),(0,1,0),(1.748456E-07,0,1),(-80.44381,19.1702,107.5121))", 
    "-1955009608": "LinearTransform ((-0.9983647,0,-0.05716512),(0,1,0),(0.05716512,0,-0.9983647),(58.83259,9.739243,76.57888))", 
    "-1954578389": "LinearTransform ((0.9935104,0,0.1137416),(0,1,0),(-0.1137416,0,0.9935104),(0.04000795,0,7.130039))", 
    "-1952519101": "LinearTransform ((-0.5883088,0,-0.8086363),(0,1,0),(0.8086363,0,-0.5883088),(1.261147,0.3426514,-1.441602))", 
    "-1951436518": "LinearTransform ((-0.2671161,-0.04631375,-0.9625507),(-0.4731966,0.8764348,0.08914593),(0.8394842,0.4792881,-0.2560254),(28.32466,35.17987,-2.182984))", 
    "-1949439398": "LinearTransform ((1,0,0),(0,1,0),(0,0,1),(430.0751,368.446,472.8772))", 
    "-1943386030": "LinearTransform ((1,0,0),(0,1,0),(0,0,1),(0.007354224,0,4.508945))", 
    "-1941999220": "LinearTransform ((-0.9414471,0,0.3371606),(0,1,0),(-0.3371606,0,-0.9414471),(-285.3638,249.0704,-302.995))", 
    "-1941126287": "LinearTransform ((1,0,0),(0,1,0),(0,0,1),(17.31857,0,0))", 
    "-1941095502": "LinearTransform ((0.2049351,0,-0.9787756),(0,1,0),(0.9787756,0,0.2049351),(75.4455,-130.9131,56.5122))", 
    "-1939730163": "CString \"ID_H_MAP_MP_RU_DEPLOYMENT\"", 
    "-1939640885": "LinearTransform ((-0.988654,-1.634621E-08,0.1502098),(0.01334354,0.9960465,0.08782472),(-0.149616,0.08883264,-0.9847455),(-31.33743,0.6607749,3.080337))", 
    "-1938596786": "Boolean True", 
    "-1937836073": "LinearTransform ((-4.37114E-08,-1.953461E-08,-1),(-1.102248E-14,1,-1.953461E-08),(1,1.01686E-14,-4.37114E-08),(50.64143,10.04333,1.48484))", 
    "-1934718025": "LinearTransform ((-0.2726475,2.120651E-22,0.962114),(1.328182E-22,1,-8.332285E-23),(-0.962114,1.470411E-23,-0.2726475),(2.520022,0,7.13002))", 
    "-1932996890": "LinearTransform ((-4.377103E-08,0,1),(0,1,0),(-1,0,-4.377103E-08),(7.109637,0.7912369,-17.31039))", 
    "-1932181007": "LinearTransform ((-0.9907188,0,0.1359273),(0,1,0),(-0.1359273,0,-0.9907188),(-1060.268,-47.5444,-622.8507))", 
    "-1930797471": "LinearTransform ((1.130669E-06,-1.953461E-08,1),(3.083286E-14,1,1.953461E-08),(-1,1.544196E-15,1.130669E-06),(35.95732,389.7042,173.0105))", 
    "-1926368174": "LinearTransform ((-0.9907558,1.673671E-09,-0.1356577),(0.01938199,0.9897408,-0.1415534),(0.134266,-0.1428742,-0.9805914),(-397.3512,275.902,-127.4654))", 
    "-1922988879": "LinearTransform ((1,-3.202639E-10,-2.958042E-09),(1.206236E-09,1,6.079668E-10),(-8.457326E-09,-4.419849E-10,1),(-67.8478,1.485191,19.33448))", 
    "-1921012694": "LinearTransform ((0.9793076,0,0.2023769),(0,1,0),(-0.2023769,0,0.9793076),(747.0765,377.3085,426.147))", 
    "-1920427666": "LinearTransform ((0.0003766585,0,-1),(0,1,0),(1,0,0.0003766585),(197.7613,-221.4933,294.69))", 
    "-1920098653": "LinearTransform ((0.2990204,0,0.9542466),(0,1,0),(-0.9542466,0,0.2990204),(-468.3146,91.84505,192.9964))", 
    "-1918448022": "Float32 10", 
    "-1917953752": "CString \"ID_H_RU_E\"", 
    "-1917953749": "CString \"ID_H_US_E\"", 
    "-1914398032": "LinearTransform ((1.311342E-07,0,1),(0,1,0),(-1,0,1.311342E-07),(13.34772,13.28278,407.0397))", 
    "-1912214800": "LinearTransform ((-0.9997728,-0.0009329765,-0.02129203),(-0.0009186273,0.9999993,-0.0006836856),(0.02129268,-0.0006639704,-0.9997731),(-38.30488,-1604.822,-54.59927))", 
    "-1910979618": "LinearTransform ((-0.6939517,-4.71879E-08,-0.7200214),(-0.1814636,0.9677205,0.1748932),(0.6967797,0.252025,-0.6715513),(36.27841,12.01071,-37.93447))", 
    "-1908935472": "LinearTransform ((-0.9380114,0,-0.3466046),(0,1,0),(0.3466046,0,-0.9380114),(423.0129,27.65338,-193.3279))", 
    "-1905607217": "CString \"B1_RuTank1\"", 
    "-1901135147": "LinearTransform ((0.3858703,0,-0.9225531),(0,1,0),(0.9225531,0,0.3858703),(0.03999768,-9.155273E-05,0.06000331))", 
    "-1899657109": "LinearTransform ((1,-6.839307E-23,0),(8.437194E-23,1,-3.811619E-23),(0,2.946176E-23,1),(-4.701425,0.4958954,6.929298))", 
    "-1896990922": "LinearTransform ((0.9994795,0,-0.03224503),(0,1,0),(0.03224503,0,0.9994795),(-370.1859,-273.1056,32.29804))", 
    "-1896146990": "LinearTransform ((-0.6673216,-3.675806E-08,0.7447701),(-0.09101518,0.9925047,-0.08155052),(-0.7391877,-0.1222058,-0.6623197),(-8.962375,2.073099,-7.333359))", 
    "-1890932658": "LinearTransform ((0.9433695,-0.0324916,0.3301487),(0.1238822,0.9577023,-0.2597295),(-0.3077452,0.2859204,0.9074923),(-79.15126,100.5088,41.04843))", 
    "-1887631159": "Float32 1200", 
    "-1885003043": "LinearTransform ((0.7394994,-0.01051438,0.673075),(0.3252774,0.8809781,-0.3436164),(-0.5893514,0.4730402,0.6549028),(-262.7241,293.1226,208.1885))", 
    "-1882655248": "LinearTransform ((-0.9687201,1.998753E-07,-0.2481559),(1.681233E-16,1,4.903771E-15),(0.2481559,-5.001192E-08,-0.9687201),(1.26116,0.3426584,-1.441625))", 
    "-1881818931": "LinearTransform ((7.89665E-07,-1.953461E-08,0.9999996),(3.09333E-14,1,1.953462E-08),(-0.9999996,1.205822E-15,7.89665E-07),(35.95736,388.5895,173.0104))", 
    "-1877371605": "LinearTransform ((0.8455479,0,-0.5338995),(0,1,0),(0.5338995,0,0.8455479),(425.536,28.84639,-340.3352))", 
    "-1877247866": "LinearTransform ((-0.7807125,-5.233456E-08,-0.6248903),(-0.1682985,0.9630494,0.2102652),(0.6018002,0.2693247,-0.7518649),(29.52905,23.15917,-51.8549))", 
    "-1877149898": "LinearTransform ((0.01092909,2.117793E-25,0.9999403),(0,1,0),(-0.9999403,-3.402689E-35,0.01092909),(114.6614,-160.3734,-123.4737))", 
    "-1876603033": "LinearTransform ((-4.37114E-08,-1.953461E-08,1),(9.314714E-15,1,1.953461E-08),(-1,1.01686E-14,-4.37114E-08),(-34.74763,19.99326,222.212))", 
    "-1874116103": "LinearTransform ((0.9998762,0,0.01572949),(0,1,0),(-0.01572949,0,0.9998762),(1.106873,0,-15.19534))", 
    "-1872493505": "LinearTransform ((-4.371137E-08,0,-0.9999987),(0,1,0),(0.9999987,0,-4.371137E-08),(-105.8766,-3.182541,-664.2665))", 
    "-1871520830": "LinearTransform ((-0.9999148,0,-0.0130517),(0,1,0),(0.0130517,0,-0.9999148),(2.846413,0,4.431002))", 
    "-1871271352": "CString \"ID_H_US_C\"", 
    "-1871271351": "CString \"ID_H_US_B\"", 
    "-1870139274": "LinearTransform ((-0.8976064,0,0.440798),(0,1,0),(-0.440798,0,-0.8976064),(479.6133,30.74514,-240.7109))", 
    "-1869127677": "LinearTransform ((-0.9869483,-1.953461E-08,0.1610356),(-1.927966E-08,1,3.145778E-09),(-0.1610356,1.111483E-14,-0.9869483),(-902.903,26.24825,-473.2104))", 
    "-1865049058": "LinearTransform ((1,0,-1.748456E-07),(0,1,0),(1.748456E-07,0,1),(22.11725,-67.18036,64.90789))", 
    "-1863473324": "LinearTransform ((-1,5.188429E-18,1.1037E-07),(5.20698E-18,1,-2.307399E-17),(-1.1037E-07,5.078954E-18,-1),(-0.00640217,2.104165E-07,-5.864921))", 
    "-1863231031": "LinearTransform ((0.2892143,2.309318E-08,0.9572637),(0,1,-1.232664E-08),(-0.9572644,-8.74426E-09,0.2892143),(2.520001,-5.350314E-06,0.05999307))", 
    "-1857642928": "Float32 30", 
    "-1857606896": "LinearTransform ((-0.4341761,0,0.9008279),(0,1,0),(-0.9008279,0,-0.4341761),(-0.05004566,0,2.656088E-08))", 
    "-1856143349": "LinearTransform ((-4.371139E-08,-1.953461E-08,1),(9.314714E-15,1,1.953461E-08),(-1,1.01686E-14,-4.371139E-08),(-170.2691,-266.9564,8.05412))", 
    "-1855217548": "LinearTransform ((-4.37114E-08,-1.953461E-08,1),(9.314714E-15,1,1.953461E-08),(-1,1.01686E-14,-4.37114E-08),(27.48754,7.964584,-633.4899))", 
    "-1849465169": "CString \"ID_H_XP3_DESERT_F\"", 
    "-1849410625": "LinearTransform ((0.9146791,3.143581E-09,0.4041808),(0.1330082,0.9443017,-0.3010034),(-0.3816686,0.3290809,0.8637331),(-55.38221,37.99394,85.82825))", 
    "-1847908743": "LinearTransform ((-0.641605,1.187422E-08,-0.7670352),(-0.290634,0.9254352,0.2431078),(0.7098415,0.3789057,-0.5937639),(23.80202,14.81331,-20.50392))", 
    "-1847901476": "LinearTransform ((-0.6673214,-3.311635E-08,0.7447699),(-0.09101519,0.9925048,-0.08155053),(-0.7391877,-0.1222058,-0.6623197),(-8.951085,2.073099,-7.333359))", 
    "-1847630081": "LinearTransform ((-0.02350933,-1.74681E-09,0.9997236),(0.1091428,0.9940228,0.002566586),(-0.9937481,0.109173,-0.02336882),(-66.13934,12.85822,24.51382))", 
    "-1847243406": "LinearTransform ((-0.7475566,-0.00589431,-0.6641705),(-0.05197652,0.9974133,0.04965046),(0.66216,0.07163787,-0.7459293),(-913.5818,-5.900887,-435.1234))", 
    "-1844257041": "LinearTransform ((-0.9960647,9.34785E-11,-0.08862925),(-5.139497E-12,1,-8.60334E-12),(0.08862922,-3.143775E-10,-0.9960647),(0.03999908,1.019876E-05,7.130011))", 
    "-1843677269": "Float32 15", 
    "-1841733740": "LinearTransform ((-4.37114E-08,-1.953461E-08,1),(9.314714E-15,1,1.953461E-08),(-1,1.01686E-14,-4.37114E-08),(-386.1006,10.03455,208.3785))", 
    "-1840435662": "LinearTransform ((-0.8011505,0,-0.5984628),(0,1,0),(0.5984628,0,-0.8011505),(-122.0623,13.01617,-815.9194))", 
    "-1838227884": "LinearTransform ((1,0,9.426344E-10),(0,1,0),(-9.426344E-10,0,1),(-567.2535,-466.0572,88.00182))", 
    "-1837602275": "LinearTransform ((-0.7034787,0,-0.7107166),(0,1,0),(0.7107166,0,-0.7034787),(-587.4525,95.85902,-268.6888))", 
    "-1833655330": "LinearTransform ((1,0,-4.113487E-08),(0,1,0),(4.113487E-08,0,1),(-304.4164,255.6978,194.1286))", 
    "-1829800196": "LinearTransform ((-0.03563727,0,-0.9993637),(0,1,0),(0.9993637,0,-0.03563727),(-499.0322,-50.57981,-459.5196))", 
    "-1829581080": "LinearTransform ((0.8057171,1.963645E-06,-0.5923004),(-0.1287362,0.9760938,-0.1751189),(0.5781406,0.2173468,0.786456),(-163.8941,22.44139,-13.94004))", 
    "-1828403532": "LinearTransform ((0.7313641,1.119944E-08,0.6819872),(0.1940074,0.9586838,-0.2080538),(-0.6538101,0.2844737,0.7011469),(-63.13837,14.76228,55.43906))", 
    "-1826454394": "LinearTransform ((-0.2164504,2.449707E-14,0.9762936),(6.293744E-16,1,-1.433057E-15),(-0.9762936,1.259754E-14,-0.2164504),(-0.4272372,0.005074767,6.98015))", 
    "-1825817988": "LinearTransform ((0.7409921,0,0.6715138),(0,1,0),(-0.6715138,0,0.7409921),(-3.740723,-0.9276352,-0.3287506))", 
    "-1825661535": "LinearTransform ((0.3103652,0,0.9506174),(0,1,0),(-0.9506174,0,0.3103652),(-4.525924E-05,0,-3.851607E-05))", 
    "-1823886259": "LinearTransform ((1,0,0),(0,1,0),(0,0,1),(13.34783,13.28278,-367.3693))", 
    "-1823826366": "CString \"ID_H_RU_B\"", 
    "-1821347436": "LinearTransform ((-0.3892836,1.987577E-08,0.9211175),(0.3387614,0.929916,0.1431677),(-0.856562,0.367772,-0.3620011),(406.1773,-818.4404,-766.4943))", 
    "-1820595733": "LinearTransform ((0.2069646,0,0.9783485),(0,1,0),(-0.9783485,0,0.2069646),(-334.4106,-35.89161,30.9554))", 
    "-1818207080": "Boolean True", 
    "-1818207074": "Boolean True", 
    "-1817414872": "LinearTransform ((0.9997941,0,-0.02029641),(0,1,0),(0.02029641,0,0.9997941),(7.253021,-0.02947998,-0.1522795))", 
    "-1815506079": "LinearTransform ((0.6020768,8.00631E-10,-0.7984381),(-0.1885414,0.9717192,-0.1421731),(0.7758575,0.2361376,0.5850495),(39.12631,15.63114,26.09557))", 
    "-1814764035": "LinearTransform ((1,8.246743E-09,-3.279747E-08),(-1.348397E-08,0.9999998,1.651605E-09),(-1.193779E-07,-1.482548E-08,0.9999996),(1.940702,2.949525,6.915564))", 
    "-1812012648": "LinearTransform ((0.01274939,1.77654E-15,-0.9999166),(-5.299701E-22,1,-2.209398E-15),(0.9999166,2.816536E-17,0.01274939),(228.2782,9.686844,-657.9062))", 
    "-1811633547": "LinearTransform ((0.2345042,2.529703E-22,0.972115),(1.40305E-22,1,8.183266E-23),(-0.972115,1.325591E-22,0.2345042),(-0.480781,0.004890442,6.978239))", 
    "-1811049464": "LinearTransform ((0.8088277,-4.010171E-08,0.5880452),(0.09408111,0.9871187,-0.129404),(-0.5804706,0.1599894,0.798409),(-16.93457,7.373032,34.36469))", 
    "-1810420590": "LinearTransform ((-0.7370665,0,0.6758196),(0,1,0),(-0.6758196,0,-0.7370665),(-140.5215,-398.7118,-793.349))", 
    "-1810301204": "LinearTransform ((-0.9992829,-0.03072836,-0.02212011),(-0.03192379,0.9979258,0.05589014),(0.0203568,0.05655627,-0.9981911),(-1.528964,0.3691063,4.589517))", 
    "-1809086806": "LinearTransform ((1,0,0),(0,1,0),(0,0,1),(-144.1874,-179.3484,3.144676))", 
    "-1808833369": "Float32 180", 
    "-1807689507": "LinearTransform ((-4.371139E-08,-1.953461E-08,1),(9.314714E-15,1,1.953461E-08),(-1,1.01686E-14,-4.371139E-08),(-183.9096,-47.82967,-377.9673))", 
    "-1805297895": "LinearTransform ((1,0,-1.748456E-07),(0,1,0),(1.748456E-07,0,1),(-18.27781,-24.52904,-59.36061))", 
    "-1801472033": "LinearTransform ((-1,0,8.742278E-08),(0,1,0),(-8.742278E-08,0,-1),(101.1661,13.15184,55.38457))", 
    "-1796858726": "LinearTransform ((0.9999999,2.080855E-08,2.408776E-07),(-4.704315E-08,1,-2.634705E-08),(-2.479024E-07,-2.330425E-08,0.9999999),(1.598942,9.931201,51.76767))", 
    "-1794937687": "LinearTransform ((1,0,2.999789E-11),(0,1,0),(-2.999789E-11,0,1),(-116.6193,-86.06471,4.647232))", 
    "-1791997433": "LinearTransform ((0.9010515,-0.01890184,0.4333001),(0.1347201,0.9618285,-0.2381938),(-0.412258,0.2729991,0.8692035),(-35.58954,143.5388,145.1067))", 
    "-1790960455": "LinearTransform ((-1.192108E-07,0,-1),(0,1,0),(1,0,-1.192108E-07),(245.2061,124.0567,16.10798))", 
    "-1790518427": "LinearTransform ((-1,1.019353E-18,1.052436E-07),(2.334353E-19,0.9999999,-1.365767E-11),(-1.052436E-07,-1.365767E-11,-1),(0.3601969,5.991516,-25.16945))", 
    "-1788217315": "LinearTransform ((0.7983701,-1.284144E-08,0.6021673),(0.3072153,0.8600661,-0.4073145),(-0.5179036,0.5101827,0.6866511),(-53.67333,57.44838,68.50104))", 
    "-1787899064": "Float32 5", 
    "-1786696849": "LinearTransform ((0.3679837,0.008707479,0.9297909),(0.01770399,0.9997091,-0.01636892),(-0.9296634,0.02248442,0.3677225),(-415.7787,-365.192,-310.751))", 
    "-1786025932": "LinearTransform ((0.2731055,-2.933992E-09,0.9619839),(0.4146369,0.9023409,-0.1177146),(-0.8680374,0.4310225,0.2464343),(-46.47354,22.866,13.46301))", 
    "-1785844973": "Float32 50", 
    "-1785003806": "LinearTransform ((0.6981747,-1.347233E-08,0.7159274),(0.3854284,0.8427135,-0.3758709),(-0.6033217,0.5383623,0.5883613),(-32.08899,27.31532,44.3707))", 
    "-1782741145": "LinearTransform ((1,-6.092448E-23,3.441071E-22),(-7.466337E-22,1,9.176969E-23),(5.823352E-22,-1.24168E-24,1),(-3.391697,2.51089,-4.146825))", 
    "-1780496657": "LinearTransform ((-4.371139E-08,-1.953461E-08,1),(9.314714E-15,1,1.953461E-08),(-1,1.01686E-14,-4.371139E-08),(-170.2691,-265.8418,8.054058))", 
    "-1776677182": "LinearTransform ((-0.9856834,7.091905E-10,-0.1686068),(5.226443E-10,1,1.150776E-09),(0.1686068,1.046177E-09,-0.9856834),(0.0400016,5.513812E-08,7.129999))", 
    "-1773645498": "LinearTransform ((-1,0,-8.742278E-08),(0,1,0),(8.742278E-08,0,-1),(7.361607,4.577637E-05,-3.366638))", 
    "-1773528620": "Float32 30", 
    "-1767609771": "Float32 20", 
    "-1766539811": "LinearTransform ((0.9416751,3.768454E-09,0.3365233),(0.06822274,0.979235,-0.190904),(-0.3295353,0.202728,0.9221208),(-13.33751,7.734833,-589.6975))", 
    "-1765799289": "LinearTransform ((-1,0,1.329926E-07),(0,1,0),(-1.329926E-07,0,-1),(-0.00628121,0,-5.674828))", 
    "-1765686353": "LinearTransform ((-0.1252555,0,-0.9921246),(0,1,0),(0.9921246,0,-0.1252555),(-54.6936,-113.0717,-13.05241))", 
    "-1763461160": "LinearTransform ((-0.6533434,0,0.7570617),(0,1,0),(-0.7570617,0,-0.6533434),(2.520003,0,7.130009))", 
    "-1762843391": "LinearTransform ((-4.371139E-08,-1.953461E-08,1),(9.314714E-15,1,1.953461E-08),(-1,1.01686E-14,-4.371139E-08),(-147.4501,-60.76598,-499.0453))", 
    "-1761069968": "LinearTransform ((0.7098281,-1.391203E-07,-0.7043743),(-0.3627133,0.857224,-0.3655224),(0.6038058,0.5149443,0.6084821),(46.05884,36.81374,52.93111))", 
    "-1760927198": "LinearTransform ((-0.9968678,-0.070555,0.03572484),(-0.05496755,0.9429287,0.3284264),(-0.05685799,0.325434,-0.9438535),(3.820186,-1.485931,-73.9031))", 
    "-1760681020": "Float32 60", 
    "-1760545704": "LinearTransform ((0.7082219,0,0.7059894),(0,1,0),(-0.7059894,0,0.7082219),(-86.55536,-81.99664,-23.4115))", 
    "-1758877471": "CString \"ID_H_RU_A\"", 
    "-1756772182": "Boolean True", 
    "-1754002092": "LinearTransform ((0.8516088,2.347543E-06,0.524178),(0.2049748,0.920372,-0.3330176),(-0.4824395,0.3910439,0.7837964),(-24.73616,23.30507,30.91144))", 
    "-1753627871": "LinearTransform ((-0.5323604,0,0.8465178),(0,1,0),(-0.8465178,0,-0.5323604),(-891.8377,-86.37213,-559.2975))", 
    "-1750398094": "Float32 50", 
    "-1749557891": "LinearTransform ((-4.371139E-08,0,1),(0,1,0),(-1,0,-4.371139E-08),(4.628738,0.147728,20.31367))", 
    "-1749010735": "LinearTransform ((-0.5737409,6.069618E-23,0.8190368),(-7.800879E-30,1,2.112467E-31),(-0.8190368,-8.041875E-23,-0.5737409),(2.519956,0,7.130003))", 
    "-1748237991": "LinearTransform ((-0.5841269,0,-0.8116624),(0,1,0),(0.8116624,0,-0.5841269),(534.1095,364.2491,497.9097))", 
    "-1747115546": "LinearTransform ((-0.03757128,0.01125003,0.9992306),(0.2868492,0.9579757,3.035836E-08),(-0.9572387,0.2866285,-0.03921944),(-158.0019,-141.5477,-160.4568))", 
    "-1745739705": "LinearTransform ((-0.8680103,-1.55739E-07,0.4965464),(0.2556937,0.8572236,0.446977),(-0.4256513,0.5149443,-0.7440789),(-34.03963,40.80908,-46.88163))", 
    "-1743967434": "Float32 120", 
    "-1738811985": "Float32 50", 
    "-1736671139": "LinearTransform ((1,0,0),(0,1,0),(0,0,1),(118.9299,11.80053,-11.61894))", 
    "-1736042755": "LinearTransform ((-0.8636088,-0.4987953,0.07336906),(-0.5037444,0.8477813,-0.165857),(0.02052775,-0.1801949,-0.9834164),(-48.68246,3.223114,1.525879E-05))", 
    "-1734171946": "LinearTransform ((0.2183655,0,0.9758672),(0,1,0),(-0.9758672,0,0.2183655),(170.9727,122.1305,-179.3353))", 
    "-1729380576": "LinearTransform ((-0.9583037,-8.321729E-09,-0.2857518),(-0.09810408,0.9392188,0.3290041),(0.2683835,0.3433193,-0.9000567),(45.94423,97.4846,-134.2443))", 
    "-1728866392": "CString \"_ID_H_US_HQ\"", 
    "-1727446823": "LinearTransform ((1,6.78673E-10,2.233942E-08),(4.406098E-11,1,-4.390052E-10),(-8.565446E-09,1.503088E-10,1),(0.007109032,1.06284E-05,4.425848))", 
    "-1726317784": "LinearTransform ((0.8088277,-3.866386E-08,0.5880452),(0.09408111,0.9871187,-0.129404),(-0.5804706,0.1599894,0.798409),(17.61615,2.583344,50.90979))", 
    "-1726202330": "LinearTransform ((-0.7029861,-1.367319E-07,0.7112036),(0.2087197,0.955967,0.2063084),(-0.6798872,0.2934742,-0.6720316),(-56.91565,33.50946,-50.04301))", 
    "-1725824417": "LinearTransform ((-0.9995341,-0.02824009,0.01157868),(-0.02824198,0.9996011,4.816902E-09),(-0.01157407,-0.0003270015,-0.999933),(-312.5084,133.909,-42.46921))", 
    "-1725641698": "LinearTransform ((0.6089588,0.008707493,0.7931537),(0.2214578,0.9583103,-0.180549),(-0.7616597,0.2855968,0.581643),(-28.69208,12.32404,26.79442))", 
    "-1725251877": "LinearTransform ((1,0,-1.748456E-07),(0,1,0),(1.748456E-07,0,1),(99.58296,76.0673,8.832222))", 
    "-1723213601": "LinearTransform ((-0.7071067,0,-0.7071068),(0,1,0),(0.7071068,0,-0.7071067),(3.076525E-06,0,4.817838E-06))", 
    "-1718628687": "LinearTransform ((1,-1.562326E-08,1.357777E-08),(9.555893E-10,1,4.135039E-10),(7.978372E-09,-5.892771E-10,1),(-1.486896,3.751855,7.032527))", 
    "-1717985690": "LinearTransform ((-0.9825022,0,-0.1862509),(0,1,0),(0.1862509,0,-0.9825022),(10.36232,2.746101,24.73396))", 
    "-1714792062": "Float32 30", 
    "-1713616902": "LinearTransform ((-4.37114E-08,-1.953461E-08,1),(9.314714E-15,1,1.953461E-08),(-1,1.01686E-14,-4.37114E-08),(-567.708,-38.94905,-529.2303))", 
    "-1713399870": "LinearTransform ((1,0,0),(0,1,0),(0,0,1),(4.053131,0.1600037,-0.380188))", 
    "-1713102883": "LinearTransform ((0.5787115,0.01232419,0.8154392),(-0.2224191,0.9643661,0.1432743),(-0.7846162,-0.2642838,0.560831),(-21.21354,-97.70757,22.25963))", 
    "-1712109732": "LinearTransform ((0.8975644,0.0982611,0.4297937),(-0.08689155,0.9951528,-0.04605475),(-0.4322357,0.003991663,0.9017517),(-397.6717,176.4509,-30.6354))", 
    "-1711750386": "LinearTransform ((1,0,0),(0,1,0),(0,0,1),(25.6982,80.3237,-150.4671))", 
    "-1711589682": "LinearTransform ((-0.9999592,0,-0.009049242),(0,1,0),(0.009049242,0,-0.9999592),(300.294,-104.4762,43.02962))", 
    "-1711249321": "LinearTransform ((-0.2179761,-2.310606E-08,-0.9759541),(-0.2726878,0.960173,0.06090389),(0.9370847,0.2794063,-0.2092948),(-344.1561,-448.4116,53.41618))", 
    "-1710231603": "LinearTransform ((-0.02218483,1.959583E-06,-0.999754),(-0.1691194,0.9855883,0.003754763),(0.985346,0.1691611,-0.02186487),(-309.68,-33.41133,-771.5168))", 
    "-1706021105": "LinearTransform ((-1,0,8.742278E-08),(0,1,0),(-8.742278E-08,0,-1),(61.13127,-66.68253,31.95197))", 
    "-1703082536": "LinearTransform ((1,-5.942155E-17,2.428553E-08),(2.688858E-17,1,-3.554644E-16),(-2.428553E-08,-4.349555E-17,1),(3.111763,4.528328E-07,-5.993337E-05))", 
    "-1702985731": "LinearTransform ((-0.9983413,0,0.05757264),(0,1,0),(-0.05757264,0,-0.9983413),(0.6804132,0.2320328,7.170475))", 
    "-1702208178": "LinearTransform ((-0.9999999,0,8.742277E-08),(0,1,0),(-8.742277E-08,0,-0.9999999),(0,0,0))", 
